0 1
0.01 0.909564
0.02 0.818309
0.03 0.726317
0.04 0.633672
0.05 0.540457
0.06 0.446755
0.07 0.352651
0.08 0.25823
0.09 0.163577
0.1 0.0687759
0.11 -0.0260867
0.12 -0.120926
0.13 -0.215656
0.14 -0.310192
0.15 -0.404449
0.16 -0.498343
0.17 -0.591787
0.18 -0.684699
0.19 -0.776995
0.2 -0.868592
0.21 -0.959407
0.22 -1.04936
0.23 -1.13837
0.24 -1.22635
0.25 -1.31323
0.26 -1.39892
0.27 -1.48336
0.28 -1.56647
0.29 -1.64816
0.3 -1.72837
0.31 -1.80703
0.32 -1.88405
0.33 -1.95939
0.34 -2.03296
0.35 -2.1047
0.36 -2.17455
0.37 -2.24243
0.38 -2.30831
0.39 -2.3721
0.4 -2.43376
0.41 -2.49323
0.42 -2.55045
0.43 -2.60538
0.44 -2.65797
0.45 -2.70816
0.46 -2.75592
0.47 -2.8012
0.48 -2.84395
0.49 -2.88415
0.5 -2.92175
0.51 -2.95672
0.52 -2.98903
0.53 -3.01865
0.54 -3.04555
0.55 -3.06972
0.56 -3.09112
0.57 -3.10973
0.58 -3.12555
0.59 -3.13856
0.6 -3.14874
0.61 -3.15609
0.62 -3.1606
0.63 -3.16227
0.64 -3.16109
0.65 -3.15706
0.66 -3.15019
0.67 -3.14049
0.68 -3.12796
0.69 -3.11262
0.7 -3.09447
0.71 -3.07354
0.72 -3.04985
0.73 -3.02341
0.74 -2.99425
0.75 -2.96239
0.76 -2.92787
0.77 -2.89072
0.78 -2.85096
0.79 -2.80863
0.8 -2.76378
0.81 -2.71645
0.82 -2.66666
0.83 -2.61448
0.84 -2.55994
0.85 -2.5031
0.86 -2.44401
0.87 -2.38272
0.88 -2.31929
0.89 -2.25376
0.9 -2.18621
0.91 -2.11669
0.92 -2.04527
0.93 -1.97201
0.94 -1.89697
0.95 -1.82022
0.96 -1.74184
0.97 -1.66189
0.98 -1.58044
0.99 -1.49757
1 -1.41335
1.01 -1.32786
1.02 -1.24118
1.03 -1.15338
1.04 -1.06454
1.05 -0.974743
1.06 -0.884069
1.07 -0.792599
1.08 -0.700416
1.09 -0.607603
1.1 -0.514243
1.11 -0.42042
1.12 -0.326219
1.13 -0.231724
1.14 -0.13702
1.15 -0.0421938
1.16 0.0526709
1.17 0.147488
1.18 0.242173
1.19 0.336639
1.2 0.430803
1.21 0.524579
1.22 0.617883
1.23 0.71063
1.24 0.802739
1.25 0.894125
1.26 0.984706
1.27 1.0744
1.28 1.16313
1.29 1.25081
1.3 1.33737
1.31 1.42272
1.32 1.50679
1.33 1.58951
1.34 1.67079
1.35 1.75057
1.36 1.82878
1.37 1.90534
1.38 1.98019
1.39 2.05325
1.4 2.12447
1.41 2.19377
1.42 2.2611
1.43 2.3264
1.44 2.3896
1.45 2.45065
1.46 2.50949
1.47 2.56608
1.48 2.62036
1.49 2.67228
1.5 2.72179
1.51 2.76886
1.52 2.81343
1.53 2.85548
1.54 2.89495
1.55 2.93181
1.56 2.96604
1.57 2.9976
1.58 3.02646
1.59 3.0526
1.6 3.07599
1.61 3.09662
1.62 3.11445
1.63 3.12948
1.64 3.1417
1.65 3.15109
1.66 3.15764
1.67 3.16136
1.68 3.16222
1.69 3.16024
1.7 3.15542
1.71 3.14776
1.72 3.13726
1.73 3.12395
1.74 3.10782
1.75 3.08889
1.76 3.06718
1.77 3.04272
1.78 3.01551
1.79 2.98559
1.8 2.95299
1.81 2.91772
1.82 2.87983
1.83 2.83935
1.84 2.79632
1.85 2.75077
1.86 2.70274
1.87 2.65228
1.88 2.59943
1.89 2.54425
1.9 2.48677
1.91 2.42706
1.92 2.36516
1.93 2.30113
1.94 2.23503
1.95 2.16693
1.96 2.09687
1.97 2.02492
1.98 1.95115
1.99 1.87563
2 1.79842
