5 0
5 0.0447214
4.9996 0.0894427
4.9988 0.134161
4.9976 0.178871
4.996 0.223571
4.994 0.268257
4.9916 0.312924
4.9888 0.357571
4.9856 0.402192
4.98201 0.446784
4.97801 0.491345
4.97362 0.535869
4.96882 0.580355
4.96363 0.624797
4.95804 0.669193
4.95206 0.713539
4.94568 0.757832
4.9389 0.802068
4.93172 0.846242
4.92415 0.890353
4.91619 0.934396
4.90783 0.978368
4.89908 1.02226
4.88994 1.06608
4.8804 1.10982
4.87048 1.15347
4.86016 1.19703
4.84945 1.24051
4.83836 1.28388
4.82688 1.32716
4.815 1.37033
4.80275 1.4134
4.79011 1.45635
4.77708 1.4992
4.76367 1.54192
4.74988 1.58453
4.73571 1.62702
4.72116 1.66937
4.70622 1.7116
4.69091 1.75369
4.67523 1.79565
4.65917 1.83747
4.64273 1.87914
4.62593 1.92067
4.60875 1.96204
4.5912 2.00326
4.57328 2.04433
4.555 2.08523
4.53634 2.12597
4.51733 2.16655
4.49795 2.20695
4.47821 2.24718
4.45811 2.28724
4.43765 2.32711
4.41684 2.3668
4.39567 2.40631
4.37415 2.44563
4.35227 2.48475
4.33005 2.52368
4.30748 2.56241
4.28456 2.60093
4.26129 2.63926
4.23769 2.67737
4.21374 2.71527
4.18945 2.75296
4.16483 2.79043
4.13987 2.82769
4.11458 2.86471
4.08896 2.90152
4.06301 2.93809
4.03673 2.97443
4.01012 3.01053
3.9832 3.0464
3.95595 3.08203
3.92838 3.11741
3.9005 3.15255
3.8723 3.18744
3.84379 3.22207
3.81497 3.25645
3.78585 3.29057
3.75642 3.32443
3.72668 3.35803
3.69665 3.39137
3.66631 3.42443
3.63568 3.45722
3.60476 3.48974
3.57355 3.52198
3.54205 3.55394
3.51026 3.58563
3.47819 3.61702
3.44584 3.64813
3.41321 3.67895
3.3803 3.70948
3.34712 3.73972
3.31367 3.76965
3.27996 3.79929
3.24597 3.82863
3.21173 3.85766
3.17723 3.88639
3.14247 3.91481
3.10745 3.94291
3.07218 3.97071
3.03667 3.99819
3.00091 4.02535
2.9649 4.05219
2.92866 4.07871
2.89218 4.1049
2.85546 4.13077
2.81852 4.15631
2.78134 4.18152
2.74394 4.2064
2.70632 4.23094
2.66848 4.25514
2.63042 4.27901
2.59214 4.30254
2.55366 4.32572
2.51497 4.34856
2.47608 4.37106
2.43698 4.39321
2.39769 4.415
2.3582 4.43645
2.31852 4.45754
2.27865 4.47828
2.23859 4.49866
2.19835 4.51868
2.15794 4.53834
2.11735 4.55765
2.07658 4.57658
2.03565 4.59516
1.99455 4.61336
1.95328 4.6312
1.91186 4.64867
1.87028 4.66578
1.82855 4.6825
1.78667 4.69886
1.74464 4.71484
1.70247 4.73044
1.66016 4.74567
1.61771 4.76052
1.57513 4.77499
1.53242 4.78908
1.48959 4.80278
1.44663 4.81611
1.40356 4.82905
1.36036 4.8416
1.31706 4.85377
1.27364 4.86555
1.23013 4.87694
1.18651 4.88794
1.14279 4.89855
1.09897 4.90878
1.05507 4.91861
1.01107 4.92804
0.966996 4.93709
0.922837 4.94573
0.878601 4.95399
0.834291 4.96185
0.789911 4.96931
0.745464 4.97637
0.700954 4.98304
0.656385 4.98931
0.611759 4.99518
0.567081 5.00065
0.522353 5.00573
0.477581 5.0104
0.432766 5.01467
0.387914 5.01854
0.343027 5.02201
0.298108 5.02508
0.253163 5.02774
0.208193 5.03001
0.163203 5.03187
0.118197 5.03333
0.0731775 5.03439
0.0281486 5.03504
-0.0168862 5.03529
-0.0619232 5.03514
-0.106959 5.03459
-0.15199 5.03363
-0.197012 5.03227
-0.242022 5.03051
-0.287016 5.02835
-0.331991 5.02578
-0.376943 5.02281
-0.421868 5.01944
-0.466764 5.01567
-0.511625 5.01149
-0.556449 5.00691
-0.601232 5.00194
-0.645971 4.99656
-0.690662 4.99078
-0.735301 4.9846
-0.779884 4.97803
-0.824409 4.97105
-0.868871 4.96368
-0.913268 4.95591
-0.957595 4.94774
-1.00185 4.93917
-1.04603 4.93021
-1.09012 4.92086
-1.13414 4.91111
-1.17806 4.90096
-1.2219 4.89043
-1.26564 4.8795
-1.30928 4.86818
-1.35283 4.85647
-1.39626 4.84437
-1.43959 4.83188
-1.48281 4.819
-1.52591 4.80574
-1.5689 4.79209
-1.61176 4.77806
-1.65449 4.76364
-1.6971 4.74884
-1.73958 4.73366
-1.78192 4.7181
-1.82412 4.70217
-1.86617 4.68585
-1.90809 4.66916
-1.94985 4.65209
-1.99146 4.63465
-2.03291 4.61684
-2.0742 4.59866
-2.11534 4.58011
-2.1563 4.56119
-2.1971 4.5419
-2.23772 4.52225
-2.27817 4.50223
-2.31844 4.48186
-2.35853 4.46112
-2.39843 4.44002
-2.43814 4.41857
-2.47766 4.39676
-2.51699 4.3746
-2.55612 4.35209
-2.59504 4.32923
-2.63376 4.30602
-2.67228 4.28246
-2.71058 4.25856
-2.74867 4.23432
-2.78654 4.20973
-2.8242 4.18481
-2.86163 4.15955
-2.89883 4.13395
-2.93581 4.10802
-2.97255 4.08176
-3.00906 4.05518
-3.04533 4.02826
-3.08136 4.00103
-3.11714 3.97346
-3.15268 3.94558
-3.18797 3.91739
-3.22301 3.88887
-3.2578 3.86004
-3.29232 3.83091
-3.32659 3.80146
-3.36059 3.7717
-3.39432 3.74165
-3.42779 3.71129
-3.46098 3.68063
-3.4939 3.64967
-3.52655 3.61842
-3.55891 3.58688
-3.59099 3.55505
-3.62279 3.52293
-3.6543 3.49052
-3.68552 3.45784
-3.71645 3.42488
-3.74708 3.39163
-3.77742 3.35812
-3.80745 3.32433
-3.83719 3.29028
-3.86662 3.25596
-3.89574 3.22137
-3.92455 3.18653
-3.95305 3.15143
-3.98124 3.11607
-4.00911 3.08046
-4.03666 3.0446
-4.0639 3.0085
-4.0908 2.97215
-4.11739 2.93556
-4.14364 2.89873
-4.16957 2.86167
-4.19517 2.82438
-4.22043 2.78685
-4.24536 2.7491
-4.26994 2.71113
-4.29419 2.67294
-4.3181 2.63453
-4.34166 2.59591
-4.36488 2.55708
-4.38775 2.51804
-4.41028 2.47879
-4.43245 2.43934
-4.45427 2.3997
-4.47573 2.35986
-4.49684 2.31983
-4.51759 2.27961
-4.53797 2.2392
-4.558 2.19861
-4.57767 2.15784
-4.59697 2.1169
-4.6159 2.07578
-4.63447 2.0345
-4.65267 1.99304
-4.67049 1.95143
-4.68795 1.90966
-4.70503 1.86773
-4.72173 1.82564
-4.73806 1.78341
-4.75401 1.74103
-4.76958 1.69851
-4.78478 1.65585
-4.79959 1.61305
-4.81401 1.57013
-4.82806 1.52707
-4.84172 1.48388
-4.85499 1.44058
-4.86787 1.39715
-4.88037 1.35361
-4.89248 1.30996
-4.90419 1.2662
-4.91552 1.22234
-4.92645 1.17837
-4.93699 1.13431
-4.94714 1.09015
-4.95689 1.0459
-4.96624 1.00157
-4.9752 0.957148
-4.98376 0.912648
-4.99193 0.868072
-4.99969 0.823423
-5.00705 0.778705
-5.01402 0.73392
-5.02058 0.689073
-5.02675 0.644168
-5.03251 0.599207
-5.03787 0.554195
-5.04283 0.509135
-5.04738 0.464031
-5.05153 0.418886
-5.05528 0.373703
-5.05862 0.328487
-5.06156 0.283242
-5.06409 0.23797
-5.06622 0.192675
-5.06794 0.147362
-5.06926 0.102033
-5.07017 0.0566918
-5.07068 0.0113428
-5.07078 -0.0340108
-5.07048 -0.0793652
-5.06977 -0.124717
-5.06865 -0.170062
-5.06713 -0.215398
-5.0652 -0.26072
-5.06287 -0.306024
-5.06013 -0.351308
-5.05699 -0.396567
-5.05345 -0.441798
-5.04949 -0.486997
-5.04514 -0.532162
-5.04038 -0.577287
-5.03521 -0.622369
-5.02965 -0.667405
-5.02368 -0.712392
-5.01731 -0.757325
-5.01053 -0.802201
-5.00336 -0.847017
-4.99578 -0.891768
-4.98781 -0.936452
-4.97943 -0.981064
-4.97066 -1.0256
-4.96148 -1.07006
-4.95191 -1.11444
-4.94194 -1.15873
-4.93158 -1.20293
-4.92082 -1.24704
-4.90967 -1.29105
-4.89812 -1.33497
-4.88618 -1.37878
-4.87385 -1.42248
-4.86112 -1.46607
-4.84801 -1.50955
-4.83451 -1.55291
-4.82062 -1.59616
-4.80634 -1.63927
-4.79168 -1.68226
-4.77663 -1.72512
-4.7612 -1.76784
-4.74539 -1.81043
-4.7292 -1.85287
-4.71263 -1.89517
-4.69567 -1.93732
-4.67835 -1.97932
-4.66064 -2.02117
-4.64257 -2.06285
-4.62411 -2.10438
-4.60529 -2.14574
-4.5861 -2.18693
-4.56654 -2.22795
-4.54661 -2.26879
-4.52632 -2.30946
-4.50566 -2.34994
-4.48465 -2.39024
-4.46327 -2.43035
-4.44153 -2.47027
-4.41943 -2.51
-4.39698 -2.54953
-4.37418 -2.58886
-4.35102 -2.62798
-4.32752 -2.6669
-4.30367 -2.7056
-4.27947 -2.7441
-4.25492 -2.78237
-4.23004 -2.82043
-4.20481 -2.85827
-4.17924 -2.89587
-4.15334 -2.93325
-4.12711 -2.9704
-4.10054 -3.00732
-4.07364 -3.04399
-4.04641 -3.08043
-4.01886 -3.11662
-3.99099 -3.15257
-3.96279 -3.18826
-3.93427 -3.22371
-3.90544 -3.2589
-3.87629 -3.29383
-3.84683 -3.3285
-3.81706 -3.36291
-3.78698 -3.39705
-3.75659 -3.43092
-3.72591 -3.46452
-3.69492 -3.49784
-3.66363 -3.53089
-3.63205 -3.56366
-3.60018 -3.59615
-3.56801 -3.62835
-3.53556 -3.66026
-3.50282 -3.69188
-3.4698 -3.72322
-3.4365 -3.75425
-3.40292 -3.78499
-3.36907 -3.81542
-3.33494 -3.84556
-3.30054 -3.87539
-3.26588 -3.90491
-3.23096 -3.93412
-3.19577 -3.96302
-3.16032 -3.9916
-3.12462 -4.01987
-3.08866 -4.04781
-3.05246 -4.07544
-3.01601 -4.10274
-2.97931 -4.12972
-2.94237 -4.15637
-2.9052 -4.18268
-2.86779 -4.20867
-2.83014 -4.23432
-2.79227 -4.25963
-2.75417 -4.28461
-2.71585 -4.30924
-2.67731 -4.33353
-2.63855 -4.35748
-2.59957 -4.38108
-2.56039 -4.40433
-2.52099 -4.42723
-2.48139 -4.44978
-2.44159 -4.47197
-2.4016 -4.49381
-2.3614 -4.51529
-2.32102 -4.53641
-2.28044 -4.55717
-2.23968 -4.57757
-2.19874 -4.5976
-2.15762 -4.61727
-2.11632 -4.63657
-2.07485 -4.6555
-2.03321 -4.67405
-1.9914 -4.69224
-1.94943 -4.71005
-1.9073 -4.72749
-1.86502 -4.74455
-1.82258 -4.76123
-1.78 -4.77753
-1.73727 -4.79345
-1.69439 -4.80899
-1.65138 -4.82414
-1.60823 -4.83891
-1.56495 -4.8533
-1.52154 -4.8673
-1.47801 -4.88091
-1.43435 -4.89413
-1.39058 -4.90695
-1.34669 -4.91939
-1.30269 -4.93144
-1.25858 -4.94309
-1.21437 -4.95435
-1.17005 -4.96521
-1.12564 -4.97567
-1.08114 -4.98574
-1.03655 -4.99541
-0.991865 -5.00468
-0.947102 -5.01355
-0.902259 -5.02202
-0.857341 -5.03009
-0.81235 -5.03776
-0.767291 -5.04503
-0.722167 -5.05189
-0.676982 -5.05835
-0.631738 -5.06441
-0.586441 -5.07006
-0.541093 -5.0753
-0.495698 -5.08014
-0.45026 -5.08458
-0.404782 -5.0886
-0.359268 -5.09222
-0.313722 -5.09544
-0.268147 -5.09824
-0.222547 -5.10064
-0.176926 -5.10263
-0.131286 -5.10421
-0.0856327 -5.10539
-0.0399688 -5.10615
0.00570206 -5.10651
0.0513761 -5.10646
0.0970497 -5.106
0.142719 -5.10513
0.188381 -5.10386
0.234031 -5.10217
0.279666 -5.10008
0.325283 -5.09758
0.370877 -5.09467
0.416445 -5.09135
0.461983 -5.08763
0.507489 -5.08349
0.552957 -5.07895
0.598384 -5.07401
0.643768 -5.06866
0.689103 -5.0629
0.734387 -5.05673
0.779616 -5.05017
0.824786 -5.04319
0.869893 -5.03582
0.914935 -5.02804
0.959907 -5.01985
1.00481 -5.01127
1.04963 -5.00228
1.09437 -4.99289
1.13903 -4.9831
1.1836 -4.97291
1.22808 -4.96233
1.27246 -4.95134
1.31675 -4.93996
1.36093 -4.92819
1.40501 -4.91601
1.44898 -4.90345
1.49284 -4.89049
1.53658 -4.87713
1.5802 -4.86339
1.6237 -4.84926
1.66708 -4.83473
1.71032 -4.81982
1.75343 -4.80452
1.7964 -4.78884
1.83923 -4.77277
1.88192 -4.75632
1.92447 -4.73949
1.96686 -4.72228
2.00909 -4.70469
2.05117 -4.68672
2.09309 -4.66837
2.13485 -4.64965
2.17644 -4.63055
2.21785 -4.61109
2.2591 -4.59125
2.30016 -4.57104
2.34105 -4.55047
2.38175 -4.52953
2.42226 -4.50823
2.46258 -4.48656
2.50271 -4.46454
2.54264 -4.44215
2.58238 -4.41941
2.6219 -4.39631
2.66123 -4.37286
2.70034 -4.34906
2.73924 -4.32491
2.77792 -4.30041
2.81638 -4.27556
2.85463 -4.25037
2.89264 -4.22484
2.93043 -4.19896
2.96799 -4.17275
3.00531 -4.14621
3.04239 -4.11933
3.07924 -4.09212
3.11584 -4.06457
3.15219 -4.0367
3.1883 -4.00851
3.22415 -3.97999
3.25975 -3.95116
3.29509 -3.922
3.33017 -3.89253
3.36499 -3.86274
3.39954 -3.83264
3.43382 -3.80224
3.46782 -3.77152
3.50156 -3.74051
3.53501 -3.70919
3.56819 -3.67757
3.60108 -3.64566
3.63369 -3.61345
3.66601 -3.58095
3.69804 -3.54816
3.72978 -3.51508
3.76122 -3.48172
3.79236 -3.44808
3.8232 -3.41416
3.85373 -3.37996
3.88397 -3.34549
3.91389 -3.31075
3.9435 -3.27575
3.9728 -3.24048
4.00178 -3.20494
4.03045 -3.16915
4.0588 -3.1331
4.08682 -3.0968
4.11452 -3.06024
4.14189 -3.02344
4.16893 -2.9864
4.19564 -2.94911
4.22202 -2.91158
4.24806 -2.87382
4.27377 -2.83582
4.29913 -2.7976
4.32415 -2.75914
4.34883 -2.72047
4.37316 -2.68157
4.39715 -2.64246
4.42078 -2.60313
4.44407 -2.56359
4.467 -2.52384
4.48957 -2.48388
4.51179 -2.44373
4.53364 -2.40337
4.55514 -2.36282
4.57627 -2.32208
4.59704 -2.28115
4.61745 -2.24003
4.63748 -2.19873
4.65715 -2.15725
4.67644 -2.1156
4.69537 -2.07377
4.71391 -2.03177
4.73209 -1.98961
4.74988 -1.94729
4.7673 -1.9048
4.78434 -1.86216
4.80099 -1.81937
4.81727 -1.77643
4.83315 -1.73334
4.84866 -1.69011
4.86377 -1.64674
4.8785 -1.60324
4.89284 -1.55961
4.90679 -1.51584
4.92035 -1.47196
4.93352 -1.42795
4.94629 -1.38382
4.95867 -1.33958
4.97065 -1.29523
4.98223 -1.25077
4.99342 -1.20621
5.00421 -1.16154
5.0146 -1.11678
5.02459 -1.07193
5.03417 -1.02699
5.04336 -0.981965
5.05214 -0.936855
5.06052 -0.891668
5.0685 -0.846405
5.07607 -0.801071
5.08323 -0.755669
5.08999 -0.710203
5.09634 -0.664677
5.10229 -0.619094
5.10783 -0.573458
5.11296 -0.527772
5.11768 -0.48204
5.12199 -0.436266
5.12589 -0.390454
5.12938 -0.344607
5.13246 -0.298728
5.13514 -0.252822
5.1374 -0.206892
5.13925 -0.160942
5.14069 -0.114975
5.14172 -0.0689951
5.14233 -0.0230062
